# Color Codes
color = [(120, 40, 31), (148, 49, 38), (176, 58, 46), (203, 67, 53), (231, 76, 60), (236, 112, 99), (241, 148, 138), (245, 183, 177), (250, 219, 216), (253, 237, 236),
            (254, 249, 231), (252, 243, 207), (249, 231, 159), (247, 220, 111), (244, 208, 63), (241, 196, 15), (212, 172, 13), (183, 149, 11), (154, 125, 10), (125, 102, 8),
         (126, 81, 9), (156, 100, 12), (185, 119, 14), (202, 111, 30), (214, 137, 16), (243, 156, 18), (245, 176, 65), (248, 196, 113),(250, 215, 160), (253, 235, 208), (254, 245, 231),
         (232, 246, 243), (162, 217, 206), (162, 217, 206),
         (115, 198, 182), (69, 179, 157), (22, 160, 133),
         (19, 141, 117), (17, 122, 101), (14, 102, 85),
         (11, 83, 69),
         (21, 67, 96), (26, 82, 118), (31, 97, 141),
        (36, 113, 163), (41, 128, 185), (84, 153, 199),
        (127, 179, 213), (169, 204, 227), (212, 230, 241),
        (234, 242, 248),
         (251, 238, 230), (246, 221, 204), (237, 187, 153),
         (229, 152, 102), (220, 118, 51), (211, 84, 0),
         (186, 74, 0), (160, 64, 0), (135, 54, 0),
         (110, 44, 0)
         ]
